# twoje wyniki powinny zawierać te komentarze
seed=5
liczbaAgentów=50
prawdTowarzyski=0.2
prawdSpotkania=0.8
prawdZarażenia=1.0
prawdWyzdrowienia=0.0
śmiertelność=0.0
liczbaDni=20
śrZnajomych=25.0

# agenci jako: id typ lub id* typ dla chorego
1 zwykły
2 towarzyski
3 zwykły
4 zwykły
5 zwykły
6 zwykły
7 zwykły
8 zwykły
9 zwykły
10 zwykły
11 zwykły
12 zwykły
13 zwykły
14 zwykły
15 zwykły
16 zwykły
17 zwykły
18 zwykły
19 zwykły
20 zwykły
21 zwykły
22 towarzyski
23 towarzyski
24 zwykły
25 zwykły
26* zwykły
27 zwykły
28 towarzyski
29 zwykły
30 zwykły
31 zwykły
32 towarzyski
33 towarzyski
34 zwykły
35 towarzyski
36 zwykły
37 zwykły
38 zwykły
39 zwykły
40 zwykły
41 zwykły
42 zwykły
43 zwykły
44 zwykły
45 towarzyski
46 zwykły
47 zwykły
48 zwykły
49 zwykły
50 towarzyski

# graf
1 33 10 23 39 8 16 47 19 13 43 22 48 27 45 30 50 5 29 35 40 37 28 3
2 43 18 13 7 5 17 21 49 15 12 3 20 10 28 33 44 46 35 22 6 41 8 47 32 38
3 26 37 23 20 46 13 19 49 31 29 7 43 12 6 24 27 2 35 28 21 17 36 18 32 5 15 33 25 1 40 39 38
4 41 22 33 45 17 16 10 40 48 29 15 37 6 27 7 47 32 19 8 42 13 5 31
5 39 38 42 17 13 8 35 9 2 36 34 23 16 6 20 21 50 45 26 1 10 3 4 41 48
6 14 48 17 45 30 28 31 26 22 7 23 37 15 25 3 5 49 11 10 21 4 44 18 41 19 20 42 2 38
7 47 50 26 22 17 33 38 6 31 8 44 20 2 18 34 3 45 24 9 28 21 30 41 4 39 42 40 12 49 16 32 35
8 50 39 1 5 7 42 19 27 11 32 41 13 38 34 18 22 23 47 37 4 2 17 43 49 33 46
9 36 29 35 45 15 41 21 14 13 43 5 28 10 44 24 7 46 26 23 34 31 38
10 15 48 1 50 4 45 20 9 27 19 32 24 16 44 12 17 37 47 2 39 6 14 18 11 5 34 42 36
11 29 38 15 44 25 23 8 20 19 6 48 10 39 24 49 41 16 34
12 44 13 49 37 18 43 16 32 41 27 25 10 30 21 3 23 2 17 35 29 46 24 34 7 26 33
13 12 42 45 18 3 5 9 25 2 48 23 20 29 1 8 24 17 27 4 37 41 40 15 30 31
14 6 28 22 17 9 21 36 26 49 19 35 18 10 34 39 24 29 23
15 21 10 16 9 11 49 31 47 41 27 6 42 22 2 28 4 46 18 29 40 45 3 26 48 36 13 34
16 24 15 4 50 12 1 39 18 43 46 40 10 17 23 5 33 21 48 36 31 44 7 22 11 29
17 30 6 32 4 29 14 7 5 41 49 39 2 48 46 31 20 24 43 16 40 10 35 12 44 37 21 23 3 13 47 38 25 8 28 22
18 35 2 12 13 21 31 43 16 7 23 14 38 10 42 27 28 29 8 6 15 3 37 48 41
19 45 39 22 34 32 29 46 3 49 20 36 8 47 1 10 31 43 11 14 41 33 30 37 6 4 40 38 26
20 50 23 41 3 24 19 44 7 10 17 13 11 2 39 35 25 5 38 43 31 27 6 32 21 36 37
21 15 25 47 46 32 29 45 18 9 14 35 48 2 39 12 33 26 7 6 5 22 16 17 3 38 41 20 28
22 34 4 19 48 7 14 6 44 43 15 27 1 23 21 31 24 8 38 42 2 28 16 17
23 28 20 34 48 3 1 29 44 30 6 11 31 13 5 47 16 12 35 22 18 9 17 8 50 26 14 33 42
24 50 42 16 39 26 41 37 20 33 49 10 17 9 7 3 36 40 13 32 31 34 22 35 44 12 11 14 27
25 41 21 50 31 11 13 49 32 12 34 6 29 27 20 36 26 17 3 48 45
26 24 3 28 38 7 46 6 35 14 21 49 44 27 9 32 25 5 29 23 36 19 15 12 48 42 40 33 50
27 41 34 31 48 12 10 15 8 47 22 30 46 39 3 25 26 40 1 18 4 49 20 24 35 13 28
28 42 44 23 6 26 14 37 9 50 47 40 49 7 15 3 2 18 32 27 22 17 1 21
29 49 36 9 11 21 19 17 23 32 4 46 3 35 37 44 25 13 12 34 18 15 1 31 26 50 14 39 16
30 17 6 49 36 23 39 12 44 27 41 46 1 7 19 45 33 13
31 39 25 44 6 18 33 41 35 27 7 15 49 3 23 17 19 24 22 9 20 29 38 16 47 4 34 36 13
32 17 19 21 42 36 35 25 29 12 10 8 38 24 26 28 4 20 3 7 47 50 2
33 36 1 4 43 7 31 48 42 49 24 41 21 34 44 16 2 19 47 38 37 30 3 23 8 12 26
34 22 23 19 27 38 46 50 5 37 25 7 33 29 8 24 9 14 10 35 12 42 31 47 11 15
35 18 9 31 50 21 5 32 26 45 42 29 17 23 12 3 14 20 43 24 39 2 34 1 36 27 7
36 9 33 29 49 44 30 14 48 50 32 19 5 40 37 24 25 47 43 16 3 35 26 15 10 31 20
37 12 3 24 43 28 6 34 29 49 10 36 4 17 50 45 19 40 18 8 33 13 1 20
38 5 11 26 34 7 45 32 41 18 8 22 20 9 40 31 33 17 21 19 6 2 3
39 5 19 24 31 8 1 16 30 17 21 44 48 27 20 10 47 11 35 50 14 7 29 49 3 42
40 43 44 42 4 28 16 41 17 48 36 46 24 27 37 1 38 15 7 19 47 13 26 3
41 4 25 27 20 24 9 31 17 12 15 33 40 30 8 38 19 7 6 43 5 21 2 13 11 18
42 24 28 13 5 40 32 50 33 8 35 15 18 46 22 44 10 49 7 4 6 34 23 26 39
43 2 40 33 12 48 37 18 9 47 22 16 17 3 1 19 44 36 35 20 41 45 8
44 12 28 31 40 36 11 23 47 7 22 20 39 9 10 29 30 26 33 43 17 6 2 42 24 16 49
45 19 6 9 4 21 13 48 38 10 35 7 1 5 37 30 15 43 25
46 21 26 3 19 34 48 29 16 17 9 27 40 49 30 15 42 12 2 47 8
47 7 50 21 48 44 43 1 15 28 19 27 23 10 49 39 36 4 17 33 8 46 31 40 2 32 34
48 6 10 22 23 47 43 45 36 4 13 46 33 27 21 17 39 40 1 49 11 16 18 5 15 25 26
49 29 36 12 30 15 25 19 17 31 3 50 33 14 24 2 28 37 26 46 6 48 47 27 42 44 7 11 8 39
50 24 25 20 7 47 8 42 10 16 35 36 49 28 34 5 37 1 39 23 29 32 26

# liczność w kolejnych dniach
49 1 0
49 1 0
48 2 0
47 3 0
30 20 0
9 41 0
3 47 0
0 50 0
0 50 0
0 50 0
0 50 0
0 50 0
0 50 0
0 50 0
0 50 0
0 50 0
0 50 0
0 50 0
0 50 0
0 50 0
